<?xml version="1.0"?>
<opencv_storage>
<camera-matrix type_id="opencv-matrix">
  <rows>3</rows>
  <cols>3</cols>
  <dt>d</dt>
  <data>
    6.8509093952013109e+02 0. 7.4767589307838637e+02 0.
    7.5267496434241741e+02 8.7782600347854088e+02 0. 0. 1.</data></camera-matrix>
<distortion type_id="opencv-matrix">
  <rows>1</rows>
  <cols>5</cols>
  <dt>d</dt>
  <data>
    -8.4764381331297149e-03 1.2091562536992612e-02
    2.4059954412270348e-02 -3.3058634414221841e-02
    1.0767040395255616e-03</data></distortion>
</opencv_storage>
